Sref = 12.500000 
Cref = 2.500000 
Bref = 5.000000 
X_cg = 4.409921 
Y_cg = -0.012206 
Z_cg = 0.060366 
Mach = 0.300000 
AoA = 0.000000, 2.500000, 5.000000 
Beta = 0.000000 
Vinf = 100.000000 
Rho = 0.002377 
ReCref = 10000000.000000 
ClMax = -1.000000 
MaxTurningAngle = -1.000000 
Symmetry = Y 
FarDist = -1.000000 
NumWakeNodes = 64 
WakeIters = 5 
NumberOfControlGroups = 0 
Preconditioner = Matrix 
Karman-Tsien Correction = N 
Stability Type = 0 
